0                         0                        0
0.01                      0                        2.4833333333516094E-5
0.02                      0                        9.866666666739516E-5
0.03                      0                        2.2050000000163313E-4
0.04                      0                        3.8933333333622576E-4
0.05                      0                        6.04166666671169E-4
0.06                      0                        8.640000000064587E-4
0.07                      0                        0.0011678333333420914
0.08                      0                        0.0015146666666780613
0.09                      0                        0.0019035000000143655
0.1                       0                        0.0023333333333509995
0.11                      0                        0.002803166666687959
0.12                      0                        0.00331200000002524
0.13                      0                        0.00385883333336284
0.14                      0                        0.004442666666700752
0.15                      0                        0.005062500000038973
0.16                      0                        0.005717333333377499
0.17                      0                        0.0064061666667163284
0.18                      0                        0.007128000000055451
0.19                      0                        0.007881833333394869
0.2                       0                        0.008666666666734574
0.21                      0                        0.009481500000074564
0.22                      0                        0.010325333333414833
0.23                      0                        0.011197166666755378
0.24                      0                        0.012096000000096195
0.25                      0                        0.01302083333343728
0.26                      0                        0.013962444444556318
0.27                      0                        0.014912055555675442
0.28                      0                        0.01586933333346132
0.29                      0                        0.016833944444580605
0.3                       0                        0.017805555555699976
0.31                      0                        0.018783833333486096
0.32                      0                        0.019768444444605637
0.33                      0                        0.020759055555725246
0.34                      0                        0.0217553333335116
0.35000000000000003       0                        0.022756944444631368
0.36                      0                        0.023763555555751197
0.37                      0                        0.02477483333353777
0.38                      0                        0.02579044444465775
0.39                      0                        0.026810055555777798
0.4                       0                        0.027833333333564587
0.41000000000000003       0                        0.028859944444684767
0.42                      0                        0.02988955555580501
0.43                      0                        0.03092183333359199
0.44                      0                        0.03195644444471236
0.45                      0                        0.03299305555583279
0.46                      0                        0.034031333333619955
0.47000000000000003       0                        0.0350709444447405
0.48                      0                        0.036111555555861104
0.49                      0                        0.03715283333364843
0.5                       0                        0.038194444444769146
0.51                      0                        0.03923611111144546
0.52                      0                        0.04027777777812183
0.53                      0                        0.04131944444479825
0.54                      0                        0.04236111111147471
0.55                      0                        0.04340277777815122
0.56                      0                        0.044444444444827765
0.5700000000000001        0                        0.04548611111150435
0.58                      0                        0.04652777777818096
0.59                      0                        0.04756944444485762
0.6                       0                        0.04861111111153431
0.61                      0                        0.049652777778211026
0.62                      0                        0.05069444444488777
0.63                      0                        0.05173611111156456
0.64                      0                        0.05277777777824136
0.65                      0                        0.053819444444918194
0.66                      0                        0.05486111111159506
0.67                      0                        0.055902777778271934
0.68                      0                        0.056944444444948825
0.6900000000000001        0                        0.057986111111625736
0.7000000000000001        0                        0.05902777777830267
0.71                      0                        0.060069444444979615
0.72                      0                        0.061111111111656576
0.73                      0                        0.06215277777833356
0.74                      0                        0.06319444444501056
0.75                      0                        0.06423611111168759
0.76                      0                        0.06527777777836462
0.77                      0                        0.06631944444504168
0.78                      0                        0.06736111111171873
0.79                      0                        0.0684027777783958
0.8                       0                        0.06944444444507288
0.81                      0                        0.07048611111174997
0.8200000000000001        0                        0.07152777777842707
0.8300000000000001        0                        0.07256944444510417
0.84                      0                        0.07361111111178129
0.85                      0                        0.07465277777845843
0.86                      0                        0.07569444444513558
0.87                      0                        0.07673611111181275
0.88                      0                        0.07777777777848992
0.89                      0                        0.0788194444451671
0.9                       0                        0.0798611111118443
0.91                      0                        0.08090277777852152
0.92                      0                        0.08194444444519874
0.93                      0                        0.08298611111187597
0.9400000000000001        0                        0.08402777777855318
0.9500000000000001        0                        0.08506944444523044
0.96                      0                        0.08611111111190767
0.97                      0                        0.0871527777785849
0.98                      0                        0.08819444444526217
0.99                      0                        0.08923611111193942
1                         0                        0.09027777777861666
